names,reviews
가야돼지, 색감이 붉고 진하며 마블링이 제대로 들어간 고기들 질이 좋고 맛도 좋아보입니다    역시 믿고 먹을수 있 는 가야돼지 짱짱   기대 한 만큼의 그 이상    실    구래동 철판 숙성 삼겹살 찐맛집입니다 김치  콩나 물  밑반찬도 다 맛나도 무엇보다 고기 육즙이 제대로 에여  넘넘 맛나고 분위기도 좋고 사장    가야돼지는 구래동 삼겹살   목살 맛집   삼겹살 엄청 맛있고 특히 저는 목살에 감동 부드럽고 촉촉해서 목 살 꼭 먹어야됩니다 쌈 아채도 신선하고 불판    가족끼리 주말 외식으로 다녀온 구래동 가야돼지는 탁월한 선택이었어요  숙성돼지고기여서인지 잡내 전 혀없이 고소하고 부드럽고 육즙도 가득이었어    커플세트   껍데기 먹었습니다  먼저  수제소스 종이 예술입니다  하나는 과하지 않은 깔끔한 고추냉이  또 하나는 제주도 오겹살먹을때 나오는 멸치액    역시 숙성고기  가브리살 특히 맛있어요   반찬도 다 직접 만든 거라 그런지 신선하고 깔끔하고요  고기먹 을 때 같이 나오는 묵은지랑 꽈리고추 제스타    고기 질이 좋고 저어어엉말 맛있어요 가족들 다 감탄 하면서 맛있게 먹었습니다  사장님도 너무 친절하시 고 고기도 맛있게 잘 구워주셨어요 반찬이랑     근처에 삼겹살 맛집 찾다가 왔는데 너무 맛있게 잘 먹고 갑니다    사장님도 엄청 친절하셔서 기분 좋아지는 식당이에요  재방문 의사      질좋은 고기를 노릇하게 잘 구워주셔요  퇴근하고 육즙가득 삼겹살 맛있게 먹구갑니당     곁들여먹 는 김치와 콩나물도 맛나고 냉면이랑 볶음밥까    진짜 고기에 일가견이 있는 사람인데 정말 맛집입니 다  특히 같이 나오는 고사리가 정말    환상적이 에요   구래동 고기 맛집 원탑입니다  다른 고    커플세트 부터 날치알 계란찜 후식냉면 볶음밥 까지 너무 맛있게 잘 먹었습니다   특히 삼겹살은 구래동에 서 제일 맛있는거 같아요   조만간 고기 생각날    두번째 방문인데 올때마다 직원분들이 고기도 구워주 시고 재밌게 대화도 해주셔서 좋아요 무엇보다 고기 가 맛있오요         송도사는 남자친구 김포까    삼겹살  인분에 양도많고요  삼겹살을 처음부터 끝까 지 다구워주셔서 아이데리고가서 먹기좋아요  고기가 진짜 질도좋고 너무맛있답니다  사이드로 콩나    와  너무 맛있어요  후기를 너무 늦게 올렸네요    사장님 너무 친절하시고 고기도 다 구워주셔서 편하 게 먹을 수 있어요  서비스로 주신 껍데기도 넘    오다가다 본집인데 용기내어 가봤는데 이게 웬일 일 찍 안간게 후회가 되네요   삼겹살 시키고 너무 맛있 어서 사진 찍는것도 깜빡했어요    고기도     맛  청결  서비스 세가지를 다 잡은 식당   음식 맛도 정말 좋지만 서비스가 매우 만족스러웠던 곳이에요 깨끗하고 분위도 좋아서 가족 연인 친구과 함    자주 방문하는데 항상 맛있고 친절하게 고기도 잘 구워주세요 적극추천     우연히 들어갔는데 맛집이었네요     삼겹살 직접 구워주시고 반찬도 깔끔하고 특히 청량고추 소스가 진짜 맛있어요 엄청 특이하면서도 고기맛이     김포에서 정말 많은 삼겹살집을 가봤지만  그중에서 손에 꼽는 재방문하는 곳이에요  주기적으로 한번씩 방문해줘야해요 고기 퀄리티도 너무 좋고 쌈채    우연히 들어온 곳인데 너무 맛있게 잘 먹고 갑니다   사장님이랑 직원분들 친절하셔서 좋은 시간 잘 보냈어요   주말에 넷이서 구래동 나들이 가야돼지 맛집을 찾아 서 갔습니다  고기도 너무 맛있었고 양도 많아서 배불 리 먹고왔어요  매장도 넓고 토요일 저녁시간    첫방문이었는데 친절하게 응대해주시고 나오는 쌈 반 찬들이 신선했어요  고기는 직접구워주시는데 구래에 서 가본 고기집중에 제일 맛있게 먹었습니다     안 바쁘면 사장님께서 직접 구워 주시는데 너무 잘 구 워 주시고 친절하셔서 엄마랑 같이 갔는데 맛있게 저 녁 잘 먹고 왔습니다 삼겹살이랑 목살 있는 커    고기가 너무 맛있습니다 직접 구워주시니 고기가 가 장 맛있을 때 먹을 수 있네요 다음에 또 올게요 가족모임차 방문했어요  돼지고기 잡내도없이 맛있었 고 소갈비살도 고소하니 맛있었습니다  직원분들께서 친절하시고 고기도 맛있게 구워주셨어요  반찬    일단 고기가 너무 맛있고 직접 다 구워주셨어요  잘 구워서 맛있는건지 모르겠으나 진짜 고기가 맛있어서 평소 먹던 양보다 더 먹었어요  같이 나오는 반    가야돼지 너무 맛있어요  김치도 직접 농사한 배추로 하시고 식자재도 전부 농사한 식자재만 사용해서 너 무 신선합니다 그리고 사장님 정말 친절해요     사장님도 친절하시고 고기양도 많고 너무 맛있게 먹 었습니다  소스도 한가지가 아니라 여러가지로 다양 해서 고기를 더 맛잇게 먹을 수 있었습니다  다    비냉  물냉 다 맛있고 고기도 맛있어요   고기 질도 짱이고 직접 구워주셔서 편하게 먹었습니 다  가브리살이랑 냉면 진짜 맛있어용          사장님 들도 친절하시고 자리도 넓어요  회식하기 좋    부모님모시고 첨 와봤는데 너무 친절하셔서 맛있게  잘먹었습니다   삼겹살이 되게 바삭하고 고소하고 미 나리도 향긋하니 넘 맛났어요   예약하고 가족 밥 먹으러 갔어요  정말 친절하시고 맛 있게 구워주셔서 순식간에 먹어버렸네요  앞에 고기 굽는 사진을 못찍어서 아쉬워요  서비스로 주    친절하시고 고기질이 좋아요 재방문입니다 요기 껍데기도 엄청맛나요 예약하고 갓는데 준비가 되있어서 너무 좋앗구요 맛 있었어용 고기도부드럽고 직원도친절히맛잇게잘구 워줬어용 감사합니당 또방문할게요   아이도     재방문인데 역시친절하고 고기도 너무맛있어요    고민말고 가야돼지    고기도 양 많고 맛있는데 반찬들도 찐맛집이에요     고사리 나물이 이렇게 맛있는 집 처음이라 주변사 람들한테 이미 추천해서 같이 온 곳         진짜     고기가너무너무맛있고 사장님도 친절하세요 고기도  구워주셔서 편하고 맛있게 먹을수있어요 굿굿 재방 문의사     입니다 최고  구래동고깃집 여기    우연히 지나가다가 들렀는데 너무 좋아요 어린아이와 동행이었는데 불편하지 않고 좋아요 고기도 진짜 맛 있어요 직원분  사장님 너무 친절하셔요 상추    직원분도 친절하시고 고기 상태도 좋아요    자주 올 것 같아요    배가 너무 고파 허겁지겁 먹느라    식사 후 사진은    구래동 삼겹살맛집 찾았어요    벌집삼겹살이라 그래 서 서치해서 와봤는데 고기너무 맛있고 사장님 직원 분들 너무너무 친절하시고 다음에 또 오고싶어    맛있어요  고기 양도 많고 매장도 깔끔해서 잘 먹고 갑니다    고기 직접 구워줘서 편해요 사장님이 반찬 직접 만드신다던데 반찬도 다 맛이있네요 고기도 맛있고 껍데기도 좋았어요 맛있게 잘 먹었어요    직원분들이 정말 잘 구워주 시고 좋아요   껍데기랑 고기 다 맛있어요 다음에 또  올게용    미나리랑 같이 먹으니 맛있네요     매장 직원분들도 너무 친절하시고 무엇보다 구워주니 더 편하게 먹을 수 있었던 것 같아요   고기는 살고기부분과    미리예약하고 갔는데 세팅 되어 있었고  작은듯 넓 어서 단체 회식하기도 넉넉하더라고요  친절하셔서 좋았고 직접 구워주셔서 편하게 먹을수 있었    너무 맛있어요  고기도 다 구워 주시고 직원분들도 너무 착하세요      년의 마지막 끼 제대로 먹었습니다  너무 맛있게 다 먹어서 고기 사진이 없네요  찍어먹는 소스도 다 맛있고  구워주시는 김치 진짜 맛있었어요   눈 오는 날이었는데  적당한 기름의 바삭한     고기가 정말 맛있고 사장님 너무너무 친절하시고 단체회식이었는데도 친절히 잘 응대해주셨어요  자주자주 애용하겠습니다   고기도 고기인데 미나리 추가 꼭꼭 츄천이에오 감자도 사장님이 직접 기르셨다던데 진짜진짜진짜 맛있어요 양념장들 진쯔  다 맛도리에요   맛있습니다  숙성된 삼겹살 목살맛 제대로 경험하실려면 가야돼지  너무 맛있게 잘먹었어요  직원분들도 너무 친절하시고 음식도 너무 너무 맛있어서 친구랑 즐겁게 먹었어요   감사합니다   맛있다는 소문이 자자해서 반신반의 하면서 별 생각 없이 들렀는데 와우  띵오와  고기 맛이 달라요  그리고 맛도 맛이지만 갈때마다 바뀌는 정성스    맛있어용 고기도 잡내없이 맛있고 장도 다양해서 찍 어먹기 좋아여     직원분이 넘 친절해서 기분좋게 먹 고 왔어용 고기도 맛있어서 삼겹이는 가야에서    고기가 너무 맛있어요  부드럽고 담백하고 육즙이 살 아있네요        밑반찬도 맛있고 쌈채소도 넘 싱 싱해요  사장님께서 밑반찬은 직접 다 만드시    삼겹살 너무 맛있어요  서비스 껍데기랑 볶음밥도 맛나요    구래동맛집 구래동삼겹살 가야돼지     고기도 너무 좋고 짱 맛있어요 밑반찬들도 쌈채소도 대박입니다   가족들과 맛있게 식사했어요 구래동고깃    친구랑 오랜만에 만나서 방문했는데 둘다 너무 만족했어요    존맛이네요 다음에 또 방문할게요  사장님도 친절하세요              점심메뉴 제육 맛있어요 밑반찬도 좋고 제육 밥 비벼  먹는거 넘 맛있음 맛있게 먹고 가요   뒤 돌아서면 배 고플 나이 너무 맛있게 잘 먹었습니다  고기도 너무 부드럽고 육 즙도 많고 나오는 밑반찬들부터 재료도 너무 신선하 고 너무 맛있어요  사장님께서 직접 농사지은     직원 분들도 친절하구 고기도 너무 맛있어요    그리 구 사이드로 시킨 된장찌개도 존맛탱   직접 다 구워 주시고 하나하나 설명도 다 해주셔서 더 맛있    고기 진짜 너무 맛있어요  서비스 껍데기 완전 대박    완전 단골입니다  언니랑 또 왔어요   단골될거같은     삼겹살은 말이 필요없고 껍데기가 왜이렇게 맛있는지  고기 엄청 맛있었고 친절하세요   직접 다 구워주셔 서 편했어요 그리고 돼지껍데기랑 음료수도 서비스 로 주셨어요 담에 또 올게요  참 좋아하는 고기집이예요     목살은 처음먹어봤는데 살살 녹네요  가야돼지에서만 맛볼 수 있는 소스도 맛있고 야채도 신선해요  고기도 잡내없고 육    구래동 돼지고기 맛집   고기도 맛있고 함께 먹는 반찬들도 조화로웠어요  구래동 제일 고기맛집    직원분들 너무 친절하시고 주변소스들도 맛있고 고기도 다 맛있어요      무조건 재방문    구래역 삼겹살 맛집 탑 안에 든다고 소심발언 하겠습 니다   삼겹살 자체도 너무 맛있고 반찬 구성들이너무 좋아요 또한 제가 이 가게에 반한 점은 사장님    저녁에 돼지고기 땡겨서왔는데 반찬도 맛있고 고기도 직접구워주셔서 맛있게 잘 먹었습니다 처음에 지인이랑 먹고 반해서 가족들까지 모두 데리 고 올 정도로 맛있습니다   야채  밑반찬부터 메인메 뉴 사이드까지 다 맛있어용  사장님  알바분     너무 맛있게 먹고 가요   다양한 소스가 있어서 좋았어요 고기질도 너무 좋고 부드러웠네용 서비스가 너무 좋아요 여긴 기분좋은곳이에요     고기구어주셔서 너무편하고 고기맛도좋아요 술이술술 편하게먹구갑니다 고기가 신선하고 사장님께서도 친절하시네요 쌈채소도 직접 재배하신다던데 정말 맛있게 가족식사 즐겁게 했습니다 삼겹살이랑 가브리살 먹었는데   가브리살 진짜 역대 급으로 맛있었어요   삼겹살 좋아하는데 가브리살 만 계속 추가해서 먹었어요    묵은지도 너    삼겹살도맛있고 반찬도 좋아요 악히 계란찜간이 좋았어요  고기가 너무 맛있고 무엇보다 직접 구워주셔서 정말 편하게 먹었어요 구래동에서 제일 맛있는 고깃집   다들 꼭오세요   낮술을 부르는 곳이네요     점심메뉴 고민하다 들어 왔는데 탁월한 선택입니다  고기도 맛나게 구워주시 고 재료들도 신선하고 고기맛은 말할것도 없죠    사장님도 친절하시고 고기가 찐찐 맛있어요   진짜 언니가 오고싶다해서 왔는데 올해 먹은 고기중에 가장 맛있었어요 집이 좀 먼데 남자친구 데리고 또 오고싶을정도예요 매번 지나가다 냄새만 맡았었는데 너무 맛있는 냄새 가나서 예약하고 오게 됐어요 예약하고 오니 자리도 다 셋팅되어 있고 고기가 너무 부드럽고 맛있    고기 질도 좋고 고기도 직접 구워주셔서 너무 좋습니다  소스와 밑반찬 다 직접 만드신 거라고 하셨는데 모두 다 너무 맛있었어요  고기 맛있어요 반찬도 직접 텃밭에서 가져오시구 사장님께서 친절하세요  고기를 이쁘게 정성스럽게 잘 구워주세요         일단 바쁜데도 직원분들이 다 친절하셔서 너무 기분 좋게 식사 할 수 있었어요   고기도 직접 구워주시 는게 좋았고 기본 밑반찬들도 알차고 고기 질    제가 이 고기를 처음봤을때 운명을 느꼈습니다  고기 구울 생각에 머리끈을 질끈 묶었지만 직원분이 정성 스레 구워주시더군요  굉장히 잘구우시더라구    아이랑 몇번왔는데 오늘은 친구가 해외에서 와서 데 리구왔는데 친구가 너무 맛있다고하네요  여자둘이서 삼겹 인분 목살하나 볶음밥하나 먹어치웠네    사장님 최고  아드님도 최고     고기도 최고      꼭 가세요   고기 질도 좋고 잡내도 안나고  사장님친절하시고 맛있고 너무 즐거운 시갈보내고 왔어요   사장님도 친절하시고 고기 상태가 너무 좋아서 정말 고소하고 쫄깃하고 맛있게 먹었어요 삼겹살 진짜 강 추 합니다  땅콩버터 껍데기도 완전 매력있었    오랜만에 맛있게 먹었습니다 고기도 야들야들하고 찌 개도 맛있어요  직접 다 구워주셔서 편하게 먹었네요    많이 먹어서 볶음밥 못먹은게 아쉽   꼭 다시     고기가 질기지 않고 너무 맛있네요  벌집삼겹살 오랜만에 왔는데 맛나요  벌집삼겹살이 먹고싶어서 검색하다 우연히 뚫었는데 요  사장님이 너무 성격도 좋으시고 싹싹하게 챙겨주 시고  혼잣말처럼 말한 휴지며  미나리며  껍데    구래동 맛집 가야돼지 벌집숙성 삼겹살 입에서 살살 녹고 넘 맛있어요 고기도 다 구워주셔서 편하게 먹으 면 되서 좋네요 반찬들도 다 맛있어서 고기 맛    예약하고 가서 콜라 볶음밥 리뷰이벤트로 주셨구 고기도 직접 구워주셔서 맛있었어요   또 가고 싶네용 가족 외식하기 좋은 곳  고기도 다 구워주시고 반찬 도 깔끔     사장님이 너무 친절하시구요  메뉴 구 성도 좋아요     고기가 맜있으니 아이들이 잘    삼겹살 먹고싶어서 검색해서 왔는데  완전 맛있게 먹 었어요   여기만의 특별한 소스가 있어서 소금 쌈장을 아예 안먹었네요  청양고추소스랑 피쉬소스    맛있게 잘 먹었습니다  단골되서 맨주 와요    지인이랑 첫방문하고 너무 맛있게먹어서 친구랑 재방문했어요 사장님이 너무 친절하시구 고기도 맛있어요  직원분들이 모두모두 너  무 친절하시고 고기도 맛있고 반찬도 맛있고 미나리 꼭 추가하세여 진짜 너무 맛있어요    여기올때마다   고기 먹느라 사진을 못찍어요   너무 맛있어서 항상 모둠한판 먹고 껍데기 먹고 냉면까지 풀코스로 먹어요 사장님 너무 친절하시고 고    고기가 너무 맛있고 볶음밥도 짱이에요  사장님도 너무 친절하시고 강추입니다   가야돼지를 알고  달반동안  번째 방문 입니다   그만큼 맛있고 리뷰 껍데기도 맛나요    추천합니다  네이버 댓글에 추천이 있길래 왔는데 고기 맛있어요   매장에서 만든 특제소스가 특히 맛있고 상추도 싱 싱하고 후식김치찌개 날치계란찜도 맛나요 고    점심 제육정식 가성비 좋네요   인 이상 가면 냄비에  제육 나와요  불맛나서 고기가 더 맛있고 밑반찬도  다 깔끔하고 푸짐하게 잘 먹고 나왔습니다    노릇하고 먹음직스럽게 다 구워주셔서 편하게 식사했 어용   직원분들도 친절하시고 고기도 부드럽고 너 무 맛있어서 기분좋고 배부르게 저녁먹구 갑니    이사와서  번째로 방문해본 삼겹살 집인데 자주 올 것 같아요    처음방문했는데 밑반찬이전부손수만드셔서 정말맛 있네여 야채두신선하구  엄청친절하시네여  새로등 극한 또간집이될듯합니다    고기도 잡냄새 없이 부드러워서 너무 맛있어요   사장 님과 직원분들 친절하시고 직접 고기도 다 구워주셔 서 편하게 먹고 왔어요  야채도 직접 재배하셔    처음방문인데 너무 맛있고 음식이 깔끔하네요 그리고 친절해서 너무좋네요  음식이맛있어도 불친절하면 안가게되잖아요  여기는 모두친절하세요 편하    사장님이 너무 친절하고 음식도 너무 맛있고 다음에 또 가족모임올게요       삼겹살 너무 맛있어요 맛있게 구워주셔서 엄청 편하게 잘 먹고 갑니다   지난 번에 돼지고기 먹었었는데 너무 맛있어서 한번 더 왔어요  소갈비살도 너무 신선하고 부드럽고 맛있 었습니다    역시 김포 돼지고기맛집  사장    숙성 고기를 사용해서 그런지 고기가 부드럽고 맛있 었어요  야채도 사장님이 직접 재배하신다고 하더 라구요   싱싱한 야채에 싸먹어고 맛있지만     지나가다 들렀는데 깜 놀랐어요 육즙 넘치는건 물론 이고 김치와 콩나물 같이 먹으니 정말 맛있네요      다음에 또 올께요 고기 먹고싶을땐 항상 가야돼지로가요  고기도 맛있 고 사장님이 너무 친절하세요  엄청 맛있게먹느라 사 진을 못찍었지만    맛있게 먹고갑니다        고기상태랑 맛 엄청엄청 좋고 사장님께서 고기에 대 해 일가견 있으시고 설명도 잘 해주셔서 알면서 먹을 수 있어서 좋았습니다  재방문 의사      입    채소들이 직접 따오신다고 하더라구여 근데 진짜 채 소들이 싱심하고 맛있어여    고기도 잡내 없고 직접 맛있게 구워서 편하게 먹고 갑니다   초록    근처에 일이 있어서 알아보다가 방문하게 됐습니다  네이버 예약을 하고 방문했고 미리 밑반찬이 셋팅 되 어 있어서 좋았어요  들어가자마자 사장님께서    맛있게 잘 먹고 가요  껍데기까지 주셔서 엄청 배불리 먹었네요   가브리살 최고    사장님도 친절 하시고   고기도 다 구워서 주시니 가족끼리 이야기 하면서 편히 먹고 가요   소스종류도 좋고 깔끔하고 맛있어요     사장님도 친절하시공 직원분들 친절하기구 고기도 잡내 안나고 야채도 신선 그자체  맛있습 니다   이 주만에 재방문 했습니다   고기가 진짜 신선하고 직접 구워주셔서 너무 편하고 좋아요  그리고 사장 님  직원분들도 엄청 친절하세요   삼겹살이 진    고기맛은 물론 사장님이랑 직원분들 너무 프랜들리 하셔서 기분좋게 먹고 나왔어요    출산 일주일전 만 삭 임산부인데 직접 키우신 유기농 야채랑 고    너무 친절하시고 고기도 맛있어용  항상 너무 맛있게 잘 먹고있어요  추천이요   주차공간이 없어 전화드리자 사장님께서 친절히 나와 서 안내도와주셨어요  바쁜 저녁시간에 나와주셔 서 감사해요 모든 직원분들께서 친절하게 대해    너무 맛있어요     잡내도 안나고 미나리 전용 소스에 찍어서 같이 먹으니까     극락입니당   완전 추천해요         너무너무 맛있게 잘 먹고왔습니다     친절하시고 볶음밥도 너무 맛있었어요    다음에 또 갈게용       고기 넘 맛있어서   흡입하느라 사진을 못찍었어요       너무 맛있음    고기 질이 달라요     볶음밥 에 토치질 까지 해주시는데 진짜 너무 맛있었    너무 맛있게 잘 먹었습니다  친절하시고 고기도 반찬도 너무 맛있었어요        제육정식 진심 최고    소고기 먹으로 왔는데 소고기도 맛있지만 돼지고기가 정말 맛있어요  고기도 직접 구워주셔서 맛있게 잘  먹었습니다  서비스 돼지껍데기도 최고 사장님이 친절해요 서비스가 너무 좋아요   다음에도 꼭올게요   추천   너   무 맛있게 잘먹고갑니다       고기  쌈 너무 신선해요          회사점심에 와서 먹다가 오늘은 주말인데 제육이 먹 고싶어서 생각나는 곳이 갸야돼지라 넘어왔오욥   쌈 도 항상 신선하고 맛있어욥   구래동 이사와서 처음 외식한 곳인데  직원분들 너무 친절하고 음식도 맛있어요   껍데기 꼭 드세요    가끔 지나가면서 한번 가봐야겠다 생각만하다가 왔는 데 기대이상으로 너무 맛있고 사장님께서 친절하게 안내해주셔서 너무 즐겁게 맛있게 먹다가 가요    여러번 방문했는데 올때마다 너무 맛있어요   고기도 너무 신선하고 맛있고 사장님도 너무 친절해요   고기 맛도 좋고 너무 친절하셔서 좋았습니다  다음에도 구래에서 고기 먹을때 가고싶네요 고기랑 냉면이 정말 맛있어요   사장님께서 친절히 고기 맛보는 데에 설명해주셨어요   처음 방문한 곳인데 고기 볶음밥 껍데기 전부 너무너 무 맛있었어요   사장님이 친절하고 매장도 깔끔해서  대만족  다음에 또 방문해서 단골 손님이 되겠    삼겹살이 먹고 싶어서 급 방문한 가야돼지집  뭘 시켜 야할지 몰라서 세트 시켰는데 양도 많고 기 질도 좋 고 가격도 다른 삼겹살 집에 비해 저렴합니다      사장님이랑 직원분들 다 너무 친정하시고 맛있어요    회식으로 알아보다가 예약하고 갔는데 세팅도 되어있고 너무 맛있게 잘먹었습니다    구래동 맛집 가야돼지 고기질 훌륭하고 쌈야채 너무  신선해요 특제소스도 베리굿 맛있게 잘먹었습니다   최고에요    최애 삼겹살집 또 방문   여기 한번 온 후로는 딴데 안 가는건 안비밀   고기 질 좋고 맛있어요  껍데기도 맛 있고 볶음밥 진짜 환상이쟈나   기본반찬도 정    고기 질도 진짜 좋고 넘 맛있어요 청양페스토랑 팟타 이 소스 독특하고 매력있어요 무엇보다 사장님께서 넘 친절하시고 고기 마싯게 먹는 법도 설명헤    매번 올때마다 너무 맛있고 친절하십니다 꼭 와서 드셔보세요    처음 가봤는데 사장님이신지  상당히 친절하시고 고 기질 또한 너무 좋습니다 즐거운 데이트 하고 왔습니 다 번창하세요  구래동 맛집 인증   삽겹살이나 목살이 먹고 싶을때는 가야돼지 추천드립니다  삼겹이랑 껍데기 땡길때  촵촵촵   먹고 먹고  볶음밥 으로 깔끔하게 마무리하면 기부니가 좋아짐    고기 부드럽고 잡내  도 없고 짱맛탱입니당   냉면도 맛있어요    사장님도 너무 친절하셔서 기분 좋은 식사했어요 구워주셔서 편하고 맛있게 잘 먹었습니다   껍데기랑 볶음밥도 맛있었어요   맛있어서 허겁지겁 먹다가 사진 찍는 걸 잊었어요     사장님이 맛있게 구워주셨는데 근래 먹은 고기 중 최고였어요 쌈이며 반찬이 깔끔해서 자꾸 손이    장도 다 직접 만드시고 특제 장이 엄청 맛있어요   고 기도 엄청 두툼하구 제대로네욤     김포 쪽에서 고깃집 고민하시는 분들은 고민없이 여기로 가    고기가 너무 맛있어서 또 왔어요     사진을 못찍은게 아쉽지만 넘 맛있게 잘 먹었어요  특히 고기를 친절히 구워주는 서비스가 아주 만족스럽고 고기  찌개 다 맛있었습니다  일단 엄청 친절하세요     양도 많구 배터지게  먹구 왔습니다     항상 지나갈 때마다 냄새때문에  가고 싶었는데 역시나 맛있네욤    고기 질이좋고 너무 맛있게 잘먹었어요   직원분들 친절하시고 다음에 또올게용   친절하고 맛있어요 담에또 먹으러올께요 음식맛있고 친절하시고 좋네요 재방문의사있습니다       정말 잘먹었고요  엄청 친절하세요         무조건 가보세욧     너무 친절하시고 고기가 맛있어서 처음에 못찍었네요 또올게요  껍데기 야들야들띠 맛있어서 아이가 고기먹을땐 여기만 오자고할정도에요   너무 맛있어서 호다닥 먹느라 사진을 뒤늦게 찍었네 요   상추쌈들도 정말 신선하고 재료들이 다 너무 좋 아요    소스도 맛있고 서버분도 엄청 친절하세    너무 맛있어요       시간 웻에이징으로 숙성한 고기와 직접 재배한 쌈 채소까지 정성에 정성을 느낄 수 있는 식당이었습니 다  직원분들도 다 너무 친절하셔서 넘 기분 좋    너무 맛있고 친절하고 환기 잘되고 짱입니다   구래동 삼겹살집 거의 다 다녀봤는데 단연 여기가 최 고네요  고기질도 너무 좋고 쌈채소도 너무 신선해요  사장님니 직접 기르신거라고 하시더라구요       고기도 너무 맛있고 너무너무 친절해서 기분이 너무 좋은 식당에요    담에 또 올께요   커플세트 먹었습니다  고기 맛있구요  감자도 맛있어 요  직접 농사지으신 상추랑 깻잎도 주셨어요  밥 두 개 볶아먹었는데 중간에 노른자 탁 터뜨려주시    깔끔하고 구워주시고 맛도 있어요  가격도 괜찮은거 같고 맛있게 만족하고 나왔습니다  친절하고 맛있어요   너무 맛나게 먹고가요 사장님이랑 직원들이 너무친절해요 잘먹고가요 번창하세요 고기가 엄청 부드럽고 맛있어요 미나리 김치 콩나물 구워서 같이먹으면 행벅합니다    처음가봤는데 손님이 엄청 많더니 왜 많은지 알겠네요  여기     미나리 향도 너무 좋고 기본 찬도 갈 때마다 다른대 항상 다 맛있어요 구래동에서 고기는 가야돼지가 제 일 맛있어요  서비스로 주신 껍데기도 너무 맛    완전 맛있어서 정신없이 먹었네요    고기 잡내도 없고 고기도 너무 맛있구 찌개가 제 스타일이여서 잘 먹었습니다     직원분들이 너무 친절해서 좋아요     재방문 또 할께요   고기가 맛있어요   다음에는 친구들이나 남친이랑 와서 먹을 예정이예요 너무 맛있어서 또 오고 싶어요    사장님도 친절해요 강아지 데려간다니까 편한 자리로 안내해 주셔서 감 사했어요   고기 구워주시면서 음식들 설명도 해주셨 는데 알고 먹으니까 더 신선하고 더 맛있는 느    벌짚생삼겹잘 인분  꽃가브리살 인분 이렇게 주문가 능 하다고 하셔서 먹고 왔습니다  느끼하지도 않고 고 소담백 하면서 맛있어요   가격도 적당하고 반    진짜진짜 맛있어용    물놀이 갓다가 배고파서 왔 는데 와 볶음밥 까지 먹은건 처음입니다 늦게가서 직 접 구워 주셧는데 고기도 맛잇고 채소들이 유    아이랑 구래동온김에 지하철 가까워서들렀는데 넘맛 있네요   직원분도친절도하시궁 고기구워주시고 반찬 들도맛나구 불판위에 김치콩나물미나리도 맛    밑반찬이랑 파절이가 정말 맛있어요  사장님이 친절 하셔서 첨부터 기분좋게 식사 시작햇구요 특제 청양 소스는 두번드세요  엄청 맛납니다  담에 또    주말에 가족들하고 자주 가서 맛있게 먹고 있어요  맛있게 구워주시고 반찬  쌈 리필도 너무 잘해 주셔서 고맙습니당   맛있고 깨끗하고 친절합니다    너무 맛있어요  맛도 좋은데 직원분들이 너무 친절해용   또 올게요  삼겹살 맛집입니다  며칠전에 왔었는데 너무 맛있게 먹고 가서 또 왔어요  고기 질도 너무 좋고 쌈채소도 신선하고 맛있어요  볶음밥 치즈 추가해서 꼭     첫번째 방문 후 너무 맛있어서 바로 재방문 했어요    두번째 방문 또한 고기 질이 좋아서 너무 맛있고   고기를 직접 구워주시는데 너무 잘 구워주    고기도 맛있고 곁들이는 야채 소스등도 너므 맛있었습니다 사장님도 친절하시구 담에 또 올게요  매장이 깨끗하고 넓어서 좋아요 고기를 직접 다 구워주시고 직원분들 엄청 친절하십 니다   고기 굽기도 완전 적당하고 고기 퀄리티랑 다 른 반찬들도 너무 맛있어요   재방문할 의사       사장님이 친절하시고 고기도 잡내 없이 맛있어요    이제부터 고기 먹고 싶어지면 여기 올려구요    항상 맛있게 잘먹고갑니다   모듬한판 먹었습니다    찌개도 맛있고 고기도 맛있어요  친절하셔서 좋습니당 같이 나오는 반찬도 맛있어요   커플세트 미리 예약하고 너무 추워서 앉아서 제일 먼 저 된장찌개 한입했는데 간이 정말 딱이였어요  그 때 부터 이미 맛집 인정이였음 다른 고깃집 가면     사장님이 친절하시고 메뉴 설명도 다 해주세요  우연히 들어온 곳인데 아주 맛있게 먹었어요  집에서 거리가 좀 있지만 주말 저녁 맛있게 먹고싶어 서 아이들과 처음 방문했습니다  일단 숙성 고기라 서 그런지 고기가 잡내하나 없이 너무부드러워    김포 살면서 이렇게 고기가 맛있는곳 처음이예요   고기에 진심인 우리남편이 걱정이 많았는데   대박     정말 맛있어서 고기 추가해서 더 먹었어요                        고기 먹으런 바로 바로 가야돼지       야채가 얼마나 신선한지요  껍데고도 쫄깃하고 밑반 찬도맛있고 고기도 구워주니까 정말 맛있고 편하게  먹었어요 또 올거에용 돼지고기가 큼직하고 엄청 맛있었어요   알바생이 맛있어요 이집 삼겹살 육즙이 끝내줍니다     한가한 시간에 방 문해서 사장님 아드님이 직접 고기도 구워주셨는데 엄청 노릇하게 구워주시고 완전 친절하십니다     너무친절하고 맛있어요  다음에다시방문할께요  점심특선좋아요    처음 방문했는데 맛있게 먹었습니다  구래동에서 제일 맛있는 고기집이에요   사장님도 친절하시고 고기랑 반찬들이랑 야채가 신선하고 맛있습니다   너무 맛있어요  체인점인 줄 알았는데 아니네요  재방문의사    프로 있습니다 구래동에 고기맛집이 있다해서 와봤는데 너무 맛있네요 고기도 부드럽고 직원분이 친절하게 설명해주시면서 구워주셔서 너무 맛있게 잘 먹었네요 맛있게 잘 먹고 갑니다      고기도 맛있고 채소들 도 넘 신선했어용     그리고 매우 친절하십니당 왕츄 천드려요   매번가도가도 질리자않네요 너무맛나고 친절   질 좋은 고기 푸짐하게 잘 먹었습니다  사장님도 너무 친절하십니다    직원분들 너무 친절하시고 매장도 깔끔하고 고기도 너무 맛있었어요   세트 먹엇는데 목살 하나도 안퍽퍽 하고 너무 맛있어요 미나리도 상태 너무 신선    고기도 맛있고 밑반찬도 맛있고 잘먹었습니당  직접만드신 특제소스도 찐이네용 사장님 직원분들 친절해서 단골 될 것 같습니당  직원분들도 친절하고 양도 많고 맛있어요    맛있고 친절해요  된장찌개도 맛있어요 직원분도 친절하시고  구래동 삼겹살집들중 가장 맛 이 괜찮았어요 저 감자는 아이가 너무좋아해서 리필 부탁드렸는데 늘 웃으면서 더주시고   다음    구래동 삼겹살맛집 중에서 밑반찬 제일 맛있고 고기 도 맛있는 집이에요       청국장찌개 진짜 전문점 에서 먹는 맛이에요     고기는 김치 콩나    사장님도 친절하시고 반찬과 고기 껍데기도 맛있어요 아들이랑 둘이서 삼인분 먹었어요 구래동 맛집 인정   고기도 직접 구워주셔서 아기랑 편하게 먹을 수 있었어요 잘 안먹는 아기도 아주 맛있게 잘 먹었어요 고기 자체가 넘 맛있어요 쌈야채도 엄청 싱싱한데 푸 짐하게 주셔서 좋고요 밑반찬들도 다 맛있어요   청 국장 살짝 들어간거같은 된장찌개도 맛있었어    너무 맛있어서 사진찍을 겨를도 없이 먹었네요   진짜 너무 맛있었습니다 다음에 또 올것같아요   직원분 너무 친절하시고 고기도 맛있고 사장님께서 직접 따셨다는 쌈채소 넘 신선합니다  고기 찍어먹는 소스도 넘 맛있었어요   저희 가족 최애 고기집  삼겹살에 진심인 저희 남편 덕에 구래동에서 안가본 삼겹살집이 없네요  여기 가야돼지  최고예요    사장님 너무 친절하    고기가 부드럽고 맛있어요  저번에 방문하고 또 왔어요 너무 맛있게 잘 먹었습니다   고기 너무 맛있고 반찬들이 다 맛있어요    양도 넉넉하고 사장님 너무 친절하셔서 기분좋게 먹었습니다   다음에 또 올게요    짱 맛있어요 고기 질도 좋아요 처음 왔는데 사장님이 너무 친절하고 고기 추천도 해 주셔서 감사했습니다  고기 퀄리티가 좋았고 사이 다도 너무 시원하네요   잘 먹고 갑니당         맛있게 잘먹었고 직원분들 너무 친절해용 지나가면서만 보고 처음 와봤는데 넘 맛있어요    무엇보다 사장님과 직원분이 넘 친절하세요   하나라 도 챙겨주시려는 마음    따수합니다 구래동에    직원분 엄청 친절하시고 고기도 정량보다 넉넉하게 주셨어요  서비스가 너무 좋고 갑자기 비가 많이 내렸 는데 선뜻 우산도 빌려주셔서 정말 감사했습니    고기질이 너무 좋아요 회식장소로 짱   맛있게 구워주시고 고기가 맛있더라구요  다음엔 가족이랑 가려구요    직원분들이 친절하고 고기도 맛있고 좋아요  직접 구워주셔서 먹기 편했어요   점심특선 가성비 좋아요 진짜 너무너무 맛있어요    고기도 직접 구워주셔서 더 맛있게 먹고 사장님이 고기에 대한 자부심이 있어 서 더 맛있게 먹었습니다    너무맛있어서 모든     신랑이랑 둘이 고기먹으러왔는데 너무 친절하시고 고 기도 맛있어요     야채도 직접 키우신거라 싱싱하고 소스가 일단 너무 맛있어요     구래동 고기는     어제 저녁에 예약해서 방문했는데 드디어     구래동 존맛탱 고기집을 찾았어요   왜이렇게 늦게 알게됬 을까요   사장님 진짜 너무너무 친절하시고 반    굿 사장님 친절하고 음식 너무 맛있어용    점심에 구래동 삼겹살 검색하고 가야돼지고기집 첫방 문 하였습니다 허허   자주 방문할것 같네요   고기 도 맛있고 후식냉면 주문했는데 아 맛있었어    첫방문인데 맛있게 잘먹었습니다 직원분이 친절하고 맛있어요   특히 미나리가 정말 맛있더라구요  사장님 너무 친절하시고  반찬도 직접 하시고 야채도 직접 재배하셨대용    고기도 맛있지만 반찬에 반했어요     솥에 김치랑 콩나물 같이먹으니까 너무 맛있어요  밑반찬도 정성있고 사장님도 친절하시고 좋아요 볶음밥맛있어요  꼭 드세요   너무 맛있었어요  고기도 맛있게 구워주시고 반찬들도 너무 밋있었네요   정말 친절하시고  무엇보다 고기 육즙이랑 맛이   너 무너무 맛있어요  후식 비빙냉면이랑 소스들  미나리  김치  야채  찌개 뭐 하나 빠짐없이 대만족스러    너무 맛있게 잘먹었어요  두번째방문  또올거에요 단골될거에요  고기가 너무 고소해요 역대급 맛집이죠 항상 손수 준비해주신 재료와 반찬들도 감동입니다 친절함과 맛 가격 빼놓을게 없이 최고예요 여긴 진짜 올 때마다 고기가 신선해서 자주 찾게 되는 것 같아요   쌈도 신선하고 직원분들도 친절해서 고기 먹기에 최고의 환경을 다 갖춘 곳이에요     너무너무 친절한 사장님 덕분에 즐거운 식사 시간이 었습니다 열씨미 구워주신 고기가 알맞게 잘익어서  정말 맛있네요 재방문의사    프로 입니다 밑반찬을도 다 너무 맛있고 고기 정성스럽게 구워주셔서 너무 좋아요   볶음밥까지 완벽 사장님 왕친절하셔요 처음 방문 했어요  맛있어용 늦은시간 방문했는데도 친절하게 고기도 다 구워주시 고 너무 친절하게응대해주셔서 감사합니다 고기도 정말 맛있게 먹었습니다 다른 반찬들도 다 맛    직원분이 엄청 친절하셨어요  맛도 최고    벌집삼겹살 잡내없이 정말 맛있게 먹었어요  소스  야채  사이드메뉴가 많아서  갖가지 맛을 느낄 수 있었어요  사장님과 직원분들 너무나 친절하시고 고기도 되게 맛있게 구워주셔서 진짜 맛있게 잘먹었습니다   서비스도 최고에요   다음에도 또 오겠습니다  사장님 친절 하시고 음식이 맛있어요   미나리도 짱     고기가 역대급으로 좋았어요 너무 고소하고 부드럽고 요 모든 반찬과 소스가 맛있고 정갈해서 놀랐어요  매 주 외식 찜입니다   사장님들 친절하심과 배려    구래동 삼겹살중에 최고예요 사장님 너무 친절하시고 음식도 너무 맛있어옹 볶음 밥이랑 껍데기까지 진짜 맛나용 또 올게요   비오는  날 우산까지   최고에용 삼겹살도 넘고소하고 반찬도 어느하나빠질거없이 맛 있어요 미나리꽈리고추 구워주시는것도 별미에요    사장님도 넘친절하셔서 먹는내내 편하게먹었    직원분 너무너무 친절하시고 고기도 맛있습니다   매장도 청결하고 넓어서 밥먹기 좋았어요  제주도에 서 올라와서 돼지고기 잘 안먹는데 맛있게 잘     커플세트에 볶음밥 먹고왔는데 진짜 짱맛입미다   저 희는 사람없을때 가서 사장님이 다 구워주셨는데 진 짜 육즙이랑 넘 맛있었어용    글고 된장찌    너무 맛있게 잘 먹었습니다     사장님 점원분 정말 친절하시고 서비스도 주시고  정말 맛있습니다  재방문      직접 구워주셔서 먹기 편했어요 직원분들도 친절하고 고기도 맛있었어요   우리만 아는 맛집으로 남겨두고싶어 리뷰를 쓸 생각 이 없어서 껍데기 사진밖에 못찍었지만 한달에 두번 은 꼭 가는 곳이에요   직원분들도 매우매우 친    사장님 넘친절 보스    고기도 존맛   특제 수제 소스도 존맛    김치 콩나물도 존맛    완벽한 저녁이였습니다   입맛까다로운 남자친구도 맛있다고 칭찬한    구운 미나리가 한수입니다   고기랑 밑반찬들이 너무 맛있었고  직원분들이 친절하게 대해주셔서 너무 감사했습니다   어버이날로 부모님 모시고왔는데 고기도 너무맛있고  직원분들도 너무친절하세요   또 올꺼예요   맛 있게 잘먹었어요   친절하고 고기 아주맛납니다 맛있고 친절해요 너무 친절하게 고기도 잘 구워주시고 찌개랑 음식도 다 맛있어요  잘 먹었습니다    사장님 너무 친절하시고 알바도 너무 착해요 고기도 넘 맛있습니닷 돼지 껍데기 최고   잘먹고갑니다 사장님 너무친절하셔서 기분좋게 먹었습니다 리뷰 이벤트로  껍데기도 추가로 먹었는데최곱니다 사장님이 너무 친절하시고 고기를 잘 구워주셨어요   고깃집 잘 고른거 같아요   사장님이 친절하셔요 엄청    음식도 맛있어요    된장찌개 맛있어요 소스랑 고기도 너무 맛있어요 자주 올겡    점심때 가서 먹었는데  고기도 너무 맛있고 반찬 구성 이 실해서 좋았어요  고기랑 같이 구워먹을 수 있는 김치랑 콩나물  꽈리고추 넘 맛있네요  또 바쁜     살  살 아이들 데리고 왔는데 맛있다고 잘 먹네요   직접 구워주셔서 마음편히 잘었습니다 음식도 다  맛있고 친절하셔서 기분 좋은 저녁 시간을 보    너무너무 친절하시고 너무 맛있어용  다음에 또 방문할게용 고기가 맛있고 친절하게 잘 구워 주십니다 배부르게 잘 먹고 왔어요    사장님도 너무 친절하시고 고기도 진짜 맛있었어여 완전 맛집       종종 올거같아요 다음에 또 오겠습니다 점심 고기 먹으러 갔어요   너무 일찍 가서 오픈 안했 을 줄 알았는데 벌써 여기 저기 앉아 식사하는 테이블 이 많더라구요   맛있게 잘 먹고 왔습니다   구래동 최고 삽겹살 맛집 말해뭐해 가야돼지입니다 고기는 물론 밑반찬도 너무 맛있고 사장님께서 맛있 고 친절하게 구워주시니 편히 식사 할 수 있어     처음 방문했는데 한끼맛있게 잘 먹었어요  갈비살이 랑 삼겹살 껍데기 주문했는데 고기가 부드럽고 잡내 없이 맛있었습니다  구래동 고기집에 냉면 맛    좋아요    맛있게 잘 먹었어요   너무너무 친절하세요   사장님이 너무 친절하시구 맛있게 점심 먹고 갑니다   다음에도 또 올 거 같아요    맛있게 잘먹고가서 리뷰씁니다   다음에 또올게요 고기랑 반찬맛있었어요 많이 파세요   먹느냐 정신음써서 마지막에 겨우찍었네요 완쥰 맛있어요  돼지먹으러는 여기만가요 맛있게 먹느라 사진도 못찍고 먹엇네요  직원분들 너 무 친절하시고 고기도 구워주시네용  고기는 말할것 도없이 너무너무 맛있어요   초딩아들   데리    너무 맛있고 신선하고 친절해요 고기도 맛있게 구워주시고 직원분들도 왕친절하세용   사장님과 직원분들이 너무 친절하시고  고기질도 정 말 좋아요  그리고 반찬 진짜 맛있어요  우리 엄마 반 찬이 생각나는 맛  우리 아이들이 진짜 좋아하    고기를 직접 구워 주시고 고기의 질도 좋아서 정말 맛있게 먹었습니다    직원분들께서 친절하세요  일찍 갔는데 손님 없다고 직접 구워주시고 엄청 친절 하세요   둘이 배터지게 먹고 왔습니당  오늘 사람 많을까바 예약이있길래 예약하고가니까 음료    너무 맛있고 친절하셔서 감사합니다   양도 괜찮고 맛있게 잘먹었네요   사장님 넘 친절하시고 직원분들도 친절하세요 고기는 넘 맛있고 저희 아이가 입맛 까다로운데 맛있다고 잘먹었습니다 단골가게가 될거 같아요    체육복음에 싱싱한쌈 채소 추천해요 사장님 친절하시구 서비스도 좋아용      맛도 굳굳굳굳굳 정말 맛있어요   좋았아요 친절하시고 넘 좋았어요   진짜 구래동에서 제일로 맛있는 삼겹살인거 같아요    진짜 너무 맛있었어요 재료들도 다 사장님께서 손 수 키우신거라 안심되고 신선하고 계속다음에     고기도 엄청맛있구 청결하고 환기가잘되서 아기랑 와도 좋아요  잘먹구갑니다 고기도 항상 신선하고 맛있고요 고기후에 볶음밥에 치즈추가는 필수입니더    맛있다고 지인이 추천해줘서 와봤는데 고기가 참맛있 고 미나리에 싸먹으니 더더 맛나요 그중에 가브리살  쵝오  사장님도 엄청 친절하시구 덕분에 맛있    너무 맛이 어요 반찬도 다  최고     자주 올거같아요 구래동 고기집은 여기로만 가요  돼지고기 냄새도 안나고 맛나게 구워주셔서 좋아용 기본 찬도 너무 잘 나오구 찌개랑 냉면도 맛납니다  특히 된장찌    구래동에 연말 모임하기 좋은 고깃집이 생겼네요   채소와 고기 모두 신선하고 직접 만드신 소스 설명대로 먹으니까 너무 맛있어요     재방문 각입니다    고기가 맛있습니다  삼겹살 생각날때 늘 왔던곳이에요  고기질 좋고 직접 구워주시고   사장님 친절함에 한번 더 반합니다      늘 맛있는 고기  감사합니다     정말 맛있고 착해요 굿 고기 뿐만아니라 볶음밥도 최고최고    갑자기 돼지갈비 타령하는 아이와 비속을 걷다 우연 히 들어간 가야돼지   넘 맛있고 넘 친절하셔서 다음  또 가기로 아이와 약속했어요    사장님이 친절해요 미나리 너무 맛있고 반찬이 진짜 맛있어요 구래 맛집 입니다 강추 가브리살이 진짜 맛있어요  양도 많고 친절해서 또 오고싶은 곳이에요      커플세트 먹었는데 양도 많고 너무 맛있어요  직원분들도 너무 친절해요  맛있었어요  친절하셔서 더 좋았습니다     너무 친절하시고 맛있고 서비스도 좋습니다  다음에 또 방문할게요  야채 진짜 싱싱하고 고기는 육즙과 감칠맛이 짱  넘 부드럽구요 계란찜도 아주 고기와 잘어울렸어요  매장 청결하구  직원분들까지 모두친절하셔서     맛있게 잘 먹었어요 제육볶음 점심에 하는 집이 별로 없는데 너무 맛있게 잘 먹고 갑니다 양도 푸짐하고 맛있게 먹었네요 친절하고 음식이 맛있어요  가족식사로 두번째 방문인데 직원분들이 친절하시고  무엇보다 고기질이 좋아요  강추 합니다  고기도 맛있고 쌈채소도 직접 농사지으신거라네요 확실히 야들한게 맛있더라구요 잘먹었습니다 점심시간 끝나고 한가할때 갔더니 구워 주시고 짱 친절하셔서 감사했어요  고기도 맛있지만 밑반찬도 하나하나 다 맛있고 조화가 좋았어요    식구들이 최애하는 삼겹살집 음식 맛있고  친절합니다  고기도 너무 신선하고 맛있고 볶음밥도 너무맛있어요 요기선 고기먹고 볶음밥은 필수    고기도 맛있고 볶음밥도 맛있어요    맛있게 잘 먹고 갑니다    고기 엄청 맛있었고 사장님 너무 친절하셔서 기분좋게 먹고 가요 다음에 또 가겠습니다   사장님이 너무 친절하시고 고기 질도좋고 너무 부드럽게 잘구워주셔서 맛있게 먹고갑니다  재방문 의사      사장님이 서비스도 많이주시고 자식들 챙겨주듯이 많이 주셨어요  고기도 너무 부드러워서 맛있게 잘 먹을 수 있었어요  저번에 왔다고 기억해서 서비스도 주시고 늘 잘 먹고 있습니다    담에도 올게요    숙성삼겹살이라그런지 더 쫄깃하고 훨씬 감칠맛있어 요   그리고 청양페스토가 가야돼지 시그니처소스에 욤 매코롬하니 고기랑 너무 잘어울립니다  콩    사장님께서 친절하세요   소스도 다양하고 고기도 맛났어요    잘 먹고 갑니다  감사합니다    너무 친절하시고 고기도 맛있어요  같이 간 분들 다 만족했어요   잘먹었습니다  또 올게요    직원분들 친절하시고 맛도 친절합니다   재방문 의 사          다들 가야돼지 하세요 일단 들어가자마자 색다른 인테리어에 한 번 고기 비 주얼에 두 번 음식 맛에 세 번 놀랐습니다   고기질 은 뭐 말 할 것두 없구 같이 나온 고구마도 굽고    사장님도 친절하시고 고기도  엄청 맛있었어요  그래서 매번 먹으러옵니다 직원 분들도 너무 친절하고 반찬도 너무 잘나와서 맛있게 먹었어용 다음에도 또 올 것 같네요 고기가 맛있어서 재방문했어요  두껍고 육즙팡팡 목살과 삼겹살   볶음밥도 냉면도 맛있어요   너무 맛있어요 고기 너무 맛있게 구워주시고 친철하게 응대해주셔서 너무 좋은 저녁식사였습니다  감사합니다 고기 질도 좋고  깨끗하고  사장님포함 직원분들 모두 친절하셔서 가족들과 기분좋게 먹었습니다  특히 어 디서도 먹어본적 없는 특제소스들이 있으니 꼭    며칠전 갔는데 맛있어서 재방문했어요 일단 재료 특 히채소 가 신선하고 고기가 맛있어요 사장님이랑 직 원들 친절하신건 당연하구요 마지막에 볶음밥     처음 와봣는데 고기가 부들부들 맛잇고 반찬도맛잇어용 회식을 했는데 서비스도 많이 주시고 고기도 너무 맛있었어요 잘 먹었습니다  사장님  직원분들 모두 친절하시고 음식 맛도 좋네요   맛 보라고 서비스로 주신 껍데기도 쫀득하고 너무 맛있었어요  껍데기 먹으러 재방문 해야겠어요    오늘 딸아이가 원래 삼겹살을 안좋하는데 먹고싶다그 래서 검색해서 방문했습니다  그런데 모두 친절하시 고 고기도 너무 맛있었고 남편도 고깃집가면     직원분들이 엄청 친절한곳 정말 오랜만이에요   모듬 으로 먹었는데 맛있어요   상추무침도 완전 제스타일 이고 직접 만드신 소스가  가지있는데 강추에    고기 너무 맛있어요 우거지해장국도 맛있고 사장님이 친절하게 고기 정말 맛있게 구워주셔서 두배로 감동   구래동에서 고기는 제일 맛있는집인듯   고기가 정말정말 맛있어용     반찬두 다양하구요  볶음밥까지 클리어하고 왔습니다     고기가 신선하고 맛있어요 볶음밥도 진짜맛나요 사장님도 친절하시구요    가브리살이 쫄깃하고 삼겹살 식감도 훌륭했어요 쌈채 소 직접 재배하신거라 알싸한 맛과 향이 돌고 고기 소 스와 콩나물이 고기맛과 조화가 잘 이뤄졌어요    직원분들 너무 친절하시고 식사도 맛있게 했어요  여 기 청양고추페스토 소스랑 고기랑 정말 잘 어릴립니 다   반찬도 직접 만드시고 쌈채소도 직접 기르    여기는 삼겹살도 맛있고 껍데기가        무엇보다 사장님이 친절하세요   고기도 다 구어줌   딸이랑 삼겹살 데이트 했는데 너무 맛있게 잘 먹었어요    두시쯤 갔는데 다 구워주시니 너무 좋았고  반찬도 다 맛있었어요  목살도 삼겹살처럼 부드럽네요    단언컨대 구래동 고깃집중에서 야채가 가장신선하고  고기가 맛있는 식당중에 하나인거같습니다    자주 애 용하는 맛집이고 사장님도 친절하시고 안갈이    최고입니다   제 인생 최고의 고기였습니다 쌈과 반찬 모두 신선했 고 소스도 조합이 아주 야무졌습니다 정신 차리고 보 니 두명이서 한판 없애버렸습니다 우선 일찍 열어서 갔는데 너무너무 맛있었어요   아주 배불리 기분좋게 먹고 나왔습니다    사장님이 정말 친절하시네요 고기도 맛있고 상추 야 채류도 직접 키우셔서 정말 신선하네요 음식이 깔끔하고 맛있어요 특히 고기가 숙성육이라  그런지 부드럽고 맛있었습니다  정말 친절하시고 반 찬 된장찌개 다맛있었습니다 번창하세용 좋아요   구래동 존맛탱구리 고기집 두번째방문합니다  고기도맛있고 반찬도 맛있어요  고기구워주셔서 좋았음 처음에 세트로 시켰었는데 너무 맛있어서 가브리살이 랑 삼겹살을 추가로 먹었어요  직원분들도 친절하 시구 서비스로 사이다도 주셨어요 감사합니당    두번째 방문이였어요  고기도 직접 구워주시고 소스 설명까지 친절하게 해주셨습니다 그리구 고기도 맛있 지만 반찬이 진짜 깔끔하니 맛있었습니다  다    고기구워주신 남자분 짱친절하세여  물론 고기도 맛있었습니다    친절하시고 항상 고기 넘 맛있어요  기분좋게 맛있 게 먹고가요 자주오는 곳입니다 영수증 리뷰 남기면  껍데기 주시니깐 참고하세용 맛있어서 친구랑 순식간에 먹고 나왔네요  고기도 직접 구워주시고 친절하셔서 좋았습니다  오늘처음 방문했습니다 우선 매장 입구서부터 청결하 지 않은곳이 없더라구요  음식도 너무맛있었고 소스 들 너무맛있고 반찬들이 정갈하고 맛있네요 사    굿 맛있어요   좋습니다요 알바분들 친절하고 고기도 맛나고 근데 껍데기       술마시면서 고기먹기 좋아요  친구들과 만나서 먹어보고 맛있어서 가족과 또 갔어요  여기 고기도 냉면도 볶음밥도 맛있어요 김포 오면 꼭 볶음밥 먹으러 가는 곳  볶음밥이 너무 맛있어요   삼겹살이 맛있었어요    가브리살도요   친저한데 된장찌개가 짰어요 맛있어요  사장님 너무 친절하고 직원분들도 고기 맛있는지 계 속 물어봐주시고 부족한 반찬도 척척 채워주시는 센 스 굿굿     역시 사장님이 센스가 있으니 직    조아요 외식하기 딱 좋네요 반찬도 너무너무 맛있고 고기도 잡내 하나없이 멋있습니다 혼자갔는데도 친절하게 해주셔서 좋았습니다   사장님도 친절하고 음식이 굿입니다 고기 상태 좋음  맛있어요 밑반찬 맛있음  감자조림  짱맛탱 사장님도 직원분들도 잘 챙겨주세영 부모님 모시고 다녀왔는데 삼겹살 끝내주게 맛있어서 만족하셨어요    친절하고 기본세팅도 맘에 드네요   점심특선맛있어요 너무 친절하세요 딸래미가 추천해서 방문했는데 추천할만 했네요 고기도 맛있고 야채도 신선하고 직원들도 친절하고 정말 좋았어요 고기는괜찮은데 껍데기 심했어요 여기는 고기도 도톰하고 맛있고 야들 야들해요  제일 좋은 건 일하시는 분들 다 착하시고 활발하셔서 자주 가는 거 같아요       아무리 음식이 맛    여자 사장님 너무 친절하세요    고기도 넘 맛있어용   벌집삼겹살 맛잇어요 청양고추소스 맛잇어요 맛있어요    삼겹살은 쫀득하니 비계랑 살코기의 비율이 아주 좋 았어요   목살은 도톰해서 씹자마자 육즙 팡팡  고 기도 직접 구워주시고 음식에 대해서 이것저것    아 진짜 동네에 삼겹살 맛집이 없었는데 드디어 찾았 어요     삼겹살도 맛있고 목살도 맛있어요 김치 랑 콩나물 올려먹는거 완전 좋아하는데 이런데    고기도 육즙가득하고 맛있고 곁들여먹는 반찬과 소스도 종류가 다양하고 깔끔해서 같이먹기 좋았어요 삼겹살 너무 너무 맛있고 사장님  직원분들 항상 친절해서 좋아요  서비스로 주신 껍데기도 잘 먹었습니다   고기질이 정말 좋아요 그리고 반찬들도 맛있고 특히 직접재배해서 제공되는 신선쌈채소들 정말 아삭아삭 다른곳과 차별화네요 사장님 넘 친절하시고 좋    구래동 고기는 무조건 여기서 먹어요  진짜 맛있고 너 무 친절하시고 소스들도 다 너무 맛있어용    고기 너무괜찮고 사장님 직원분들 넘나 친절하세요    손님들이 스치는 한마디도 신경써주시고 좋았어요 먹느라 사진하나도 없네요  아쉽 고기가 너무 맛있었어요   정말 친절하고 맛있고 또 올것 같아요 친절하게 대해주시구 너무 맛있게 먹고 갑니당   벌집삼겹살 너무맛있고 또 치즈볶음밥도 최고 맛있어 요 또 사장님도 엄청 친절하세요 재방문의사               혼자가서 간단히 먹으려고 했는데 고기를 정말 맛있 게 구워주셔서  인분 더 추가했어요      고추소스  그게 진짜 별미예요    여기 냉면 안 먹으면 후    고기도 맜있고 김치도 맛있고 최고였어용   고기 맛있어요 네이버 예약하고 가서 음료수 서비스 받았어여 냠냠 주차도 넉넉하게 넣어주셔서 좋았습니다   정말 괜찮은 고기집 발견   고기도 신선하고 반찬도 다양한데 다 맛있고 사장님 친절하셔서 기분까지 좋 게 먹었어요 반찬도 다 직접 만들어서 다른집    음식이 깔끔하고 맛도 좋습니다 직원들도 친절하구요 와이프가 좋아하는 스타일의 삼겹살이라 자주 갈듯 합니다 고기가 맛있고 반찬도 맛있어용 칼집삼겹살이라 부드 럽고 찍어먹는 젓갈이나 겉절이랑 직접 키운 야채가  다른곳과 다르게 좋았어용     그리고 매장    고기가 넘 너무 맛있아요 실하고 완전     자꾸 생각 나는 맛이에요옹 저번에 너무 고기가 맛있어서 재방문한 가야돼지  이 번에는 가족들에게 맛있는 곳을 소개해주기 위해서 같이 찾아갔는데  가족들도 다 맛있다고 하네    김치 구워먹는걸 좋아하는데 여기가 젤 맛있는듯 찌개도 맛있음 너무 맛있게 먹았어요 음식들도 너무맛있고 친절한응대도 너무 좋았어요   고기 너무 맛있고 너무 친절하세요  직접 재배한 채소들이라 엄청 싱싱하고 고기질도 엄청 좋내용 조아요 아이들과 갔는데 친절하고 고기도 신선한 거 같네요  다음에는 친구들과     점심에 방문 했는데 삼겹살 기준으로 가격도   천원 이고 가성비가 좋은 곳이라는 생각이 들었어요 가게 도 깔끔하고 사이드의 맛도 탄탄해서 재방문     맛있게 잘 먹었어요  친절은기본    완전맛집   고기집 인데도 매장이 너무 청결하고 음식도 깔끔하 게 잘 나와서 좋았어요         고기도 정말 부드러워 서 너무 맛있더라고요    특히 콩나물 과 김치        갈곳없다가 겨우 찾은 고깃집   너무 맛있게 먹고왔어요    늦은 리뷰지만    다음에도 또 갈게요  그냥 먹을만 하네요 좋아요 모둠 버섯은 추가해서 삼겹살에 같이 싸드시는거 하 나의 맛 포인트 입니다  같이 나오는 갈치 속젖 그리 고 고추와 올리브유가 섞인 양념 또한 이 가게    맛있네요 번창하시길 자주갈게요 너무 맛있어요  직접 구워주시고 서비스도 부담스럽 지 않고 친절하시고   메뉴 설명 소스 설명 디테일 하 게 설명해주시고 고기가 근데 진짜 맛있음      맛있고서비스가좋아요 고기 냉면 밑반찬 모두맛있어요  양이적어 아쉬웠어요         이랬는데 굿 특제 고추다진소스가 고기와 잘어울려서 좋았습니다   다만 입구 앞에서 담배피는 내부 손님들 때문에 한 번씩 담배연기가 들어와서 고거 빼곤 다 좋았습니다  삼겹살 너무 맛있어요  사장님도 넘 친절하시고 매장 이 넓고 깨끗해요    김치랑 콩나물이 고기랑 잘 어울 리고 채소들이 신선했고 찍어먹을 소스가 많아          고기 맛있구 양도많았구 사장님도 친절하셔용   년 살면서 고기집에서 먹은 고기중에 제일 맛있었 어요  외관부터 돼지고기집이 아니고 소고기집같아서 아우라가 느껴졌는데 역시는 역시나였네요  사    간이 기본적으로 쎈편이지만  맛은 좋네요 사장님 특제소스도 생기고 더 맛있어졌어요  밤에 먹으니 좋네요   인세트 먹었는데 가성비 대박   양도 푸짐하고 반찬도 다양해서 좋아요 특히  종 수제소스가 신선하고 맛있었어요   벌집삼겹살 맛집 가야돼지      친절하고 고기 존맛이에여 고기를 좋아해서 구래동에 있는 거의 모든 고기집을 가봤습니다  고깃집 마다 단점들은 꼭 있었습니다    하지만      여기 가야돼지는 달랐습니다       구    삼겹살이 맛있어요 김포 살면서 다닌 고기집 중에서 정말 단연코 맛집 다 른말 필요없음 여긴 먹어야함 앞으로 고기 먹으러는  여기만 올 예정이에요 진짜 진짜 고기 짱짱맛 일주일에 한 번 이상은 꼭 옵니다 진짜 개존맛탱이에 여   다들 가브리  인 세트 드세여 진짜로 가성비 갑 이고 진짜 맛있어요 맛있어서 맛있다고 밖에     리뷰 잘 안 쓰는데 너무 맛있어서 쓸 수 밖에 없었습 니다    혼자 알기엔 너무 아까운 맛집  고깃집 웬만한 곳은 다 가봤지만 이 집이    맛집이에여        굿 구성이 다양하고 푸짐하고  고기를 직접 맛있게 구워주셔서 넘 맛있었어요  맛나게잘먹고왔습니다  직원분들친절하시고좋았어요  고기도 직접 구워 주시구 맛있게 먹었어용  볶음밥까지 맛있게 먹었어요   벌집살겹살 맛있어요   설날에 왔는데 매장이 꽉 차있도라구요    자주 찾 는 곳인데 삼겹살이 부드럽고 맛있었어요    매달 먹 는것 같은데 또 가고 싶네용 밑반찬도 너무 맛있고 고기질도 좋고 첫방문에 너무  맛있게 먹어서 또 방문했어요   알바하시는분들 사 장님 직원분들 전부 친절하셔서 기분 좋게 맛    처음 방문했는데 너무 맛있어서 만족하고 배 두들기 면서 나왔습니다   사장님 직원분들 너무너무 친절하 시고 고기도 맛있고 반찬도 맛있고 직접만든     가브리살이 맛있어서 추가 까지 해서 먹었네요  나오 는 밑반찬까지 다 맛있었어요   직접 만드신 소스도 계속 추가해서 먹었어요   사장님이 친절하게     환기가 잘 안되요 사람이 많이 없어서 사장님께서 직접 구워주셨어요    삼겹살이랑 가브리살 둘 다 육즙도 많이 나오고 고 소하고 왕 맛있었어요   소스도 다양해서 좋았    안경쓰신 사장님  테이블 담당해주신분 너무 친절하 게 맛있게 고기도 구워주시고 고기도 입에서 녹아 소 고기로 착각할정도로 맛나게 먹었습니다 점심    원래 리뷰를 안남기는데 고기가 너무 맛있습니다 같 이 먹는 김치랑 콩나물도 너무 맛있었고 소스도 직접 만드신다고 하셨는데 맛있었어요 친절하고 맛    좋아요 다 맛있어요 강추 굿  너무 친절하시고 맛도 너무너무 맛있어요    삼겹살이 맛나영    친절하고 고기도 맛있고 소스가 진짜 예술이네요      삼겹살 짱 맛잇어요 구래동 맛집 인정 넘넘 맛있게 먹었습니다   고기 양도 많고 나물이랑 채소도 신선한게 느껴졌어요  김포 고기 맛집      가브리살 왕추천 합니다    꽃가브리살 맛있는데 비싸뇨 고기가 맛나요 굿 굿 음식맛도 있고 직원분들도 모두 친절하세요 재방문의사 있습니다 직원분이 친절하세요 돼지고기 컨디션이 좋네요    집앞에오픈했길래 방문했어요 삼겹살먹으러간건데 직접하시는반찬부터 소스까지너무맛있네요  사장님 이친절하시고 고기도다직접구워주시네요 고기    사장님 아들분 엄청 친절하세요  맛있게 잘먹고 기분좋게 갑니다   항상 친절하고 맛있는 고기집   좋아요 맛있어요 항정살과 목살 너무맛있어요 날치알볶음밥이또 무진장맛있어요 그런데 볶음밥가격이쫌비싸듯해요 맛있었어요 좋아요 깨끗하고 맛있어요 사장님께서 고기집을 다른 곳에서 오래 하다가 이번 에 오픈했다고 하셨는데 엄청 친절하시고 고객이 뭘 좋아하는지 잘 아시는 것 같았어요  무엇보다     사장님 친절하시고 반찬들이 다 맛있고 고기도 맛있어요   친구랑 같이 저녁 먹으러 구래동 와서 들린 고기집 친구와 전 고기를 굉장히 좋아하기 때문에 모둠 한판 을 시켰는데 가브리살 목살 삼겹  종류를 한번    맛있어서 두번째 방문해요  사장님 너무 친절하시구 가족끼리 모둠한판 배불리 먹고 가네요    서비스로 나온 김치찌개랑 된장찌개가 너무 맛있어요      굿 자주 찾는 고기집 맛나여 특제소스랑 삼겹살 너무잘어울리네요  소주가 술술들어갑니다     구래동맛집   맛있어요 야채도직접기른다고 푸짐하게주시네요   점심 특선인데 맛있어요 고기질 좋고 쌈야채 다양해서 좋아요 좋아요 리뷰보고 왔는데 정말 맛있네요   고기가 신선하고 반찬들도 깔끔한게  선택이 탁월했습니다      좋아요 친절하고 청결하고 맛있었음  맛있어여 맛있게 잘 먹었습니다   모듬한판 주문하니까 한 가족이 먹기 딱 좋은 양같아요      찌개두  가지나 나오구 굿굿      고기의  퍼가 비계이며 야채쌈부족  오픈한지 얼마안된 느낌
